function gData = gaussIntData()
% parameters : ksi_i  eta_i  w_i
% gData = [1/3, 1/3, 0.1125
%          (6+sqrt(15))/21, 0.470142064, (155 + sqrt(15))/2400
%          (9-2*sqrt(15))/21, 0.470142064, (155 + sqrt(15))/2400
%          (6+sqrt(15))/21, 0.059715872, (155 + sqrt(15))/2400
%          (6-sqrt(15))/21, 0.101286507, (155 - sqrt(15))/2400
%          (9+2*sqrt(15))/21, 0.797426985, (155 + sqrt(15))/2400
%          (6-sqrt(15))/21, 0.101286507, (155 + sqrt(15))/2400];

gData = [0.333333333333333, 0.333333333333333, 0.1125
        0.470142064105115, 0.470142064000000, 0.066197076394253
        0.059715871789770, 0.470142064000000, 0.066197076394253
        0.470142064105115, 0.059715872000000, 0.066197076394253
        0.101286507323456, 0.101286507000000, 0.062969590272414
        0.797426985353087, 0.797426985000000, 0.066197076394253
        0.101286507323456, 0.101286507000000, 0.066197076394253];