function g_data = gauss_int_data()
% parameters : ksi_i  eta_i  w_i
g_data = [1/3, 1/3, 0.1125
         (6+sqrt(15))/21, 0.470142064, (155 + sqrt(15))/2400
         (9-2*sqrt(15))/21, 0.470142064, (155 + sqrt(15))/2400
         (6+sqrt(15))/21, 0.059715872, (155 + sqrt(15))/2400
         (6-sqrt(15))/21, 0.101286507, (155 - sqrt(15))/2400
         (9+2*sqrt(15))/21, 0.797426985, (155 + sqrt(15))/2400
         (6-sqrt(15))/21, 0.101286507, (155 + sqrt(15))/2400];