function gData = gaussIntData2()
gData = [ 0.1012865073235, 0.1012865073235, 0.1259391805448;
          0.7974269853531, 0.1012865073235, 0.1259391805448;
          0.1012865073235, 0.7974269853531, 0.1259391805448;
          0.4701420641051, 0.0597158717898, 0.1323941527885;
          0.4701420641051, 0.4701420641051, 0.1323941527885;
          0.0597158717898, 0.4701420641051, 0.1323941527885;
          1/3,             1/3,             0.225
          ];
    
end

