function g_data = gauss_int_data()
% parameters : w_i  ksi_i  eta_i
g_data =[0.33333333333333    0.33333333333333    0.22500000000000
    0.47014206410511    0.47014206410511    0.13239415278851
    0.47014206410511    0.05971587178977    0.13239415278851
    0.05971587178977    0.47014206410511    0.13239415278851
    0.10128650732346    0.10128650732346    0.12593918054483
    0.10128650732346    0.79742698535309    0.12593918054483
    0.79742698535309    0.10128650732346    0.12593918054483];